0.000000 
0.000000 
0.000000 
0.000000 
0.000000 
0.000000 
0.000000 
0.000100 
0.000100 
0.000100 
0.000100 
0.000100 
0.000100 
0.000100 
0.000100 
0.000100 
0.000200 
0.000200 
0.000200 
0.000200 
0.000300 
0.000300 
0.000300 
0.000400 
0.000400 
0.000500 
0.000500 
0.000600 
0.000700 
0.000800 
0.000900 
0.001000 
0.001200 
0.001400 
0.001700 
0.002100 
0.002500 
0.003100 
0.003900 
0.005000 
0.006400 
0.008600 
0.011800 
0.016800 
0.025200 
0.040000 
0.069000 
0.134900 
0.321600 
1.136700 
18.640100 
-50.357000 
33.382800 
-2.461800 
-0.519800 
-0.195400 
-0.094300 
-0.052500 
-0.032000 
-0.020700 
-0.014000 
-0.009700 
-0.006800 
-0.004700 
-0.003200 
-0.002100 
-0.001200 
-0.000400 
0.000200 
0.000800 
0.001300 
0.001800 
0.002300 
0.002800 
0.003300 
0.003900 
0.004500 
0.005200 
0.005900 
0.006800 
0.007800 
0.009000 
0.010400 
0.012100 
0.014100 
0.016500 
0.019600 
0.023400 
0.028300 
0.034600 
0.043100 
0.054600 
0.070800 
0.094200 
0.129700 
0.186500 
0.283400 
0.465200 
0.853300 
1.868500 
5.709800 
47.381000 
-180.320300 
152.070400 
-22.966600 
-3.672900 
-1.227100 
-0.546400 
-0.285300 
-0.164900 
-0.102300 
-0.066900 
-0.045500 
-0.031900 
-0.022900 
-0.016800 
-0.012500 
-0.009400 
-0.007200 
-0.005500 
-0.004200 
-0.003200 
-0.002500 
-0.001900 
-0.001400 
-0.001000 
-0.000600 
-0.000300 
0.000000 
-0.000000 
-0.000000 
-0.000000 
-0.000000 
-0.000000 
-0.000000 
-0.000000 
-0.000000 
-0.000000 
-0.000000 
-0.000000 
-0.000000 
-0.000000 
-0.000000 
-0.000100 
-0.000100 
-0.000100 
-0.000100 
-0.000100 
-0.000100 
-0.000100 
-0.000100 
-0.000200 
-0.000200 
-0.000200 
-0.000200 
-0.000300 
-0.000300 
-0.000400 
-0.000400 
-0.000500 
-0.000600 
-0.000700 
-0.000900 
-0.001000 
-0.001300 
-0.001600 
-0.001900 
-0.002400 
-0.003100 
-0.004100 
-0.005600 
-0.007800 
-0.011500 
-0.017800 
-0.030100 
-0.057500 
-0.133900 
-0.461200 
-7.363900 
19.345400 
-12.454800 
0.890500 
0.181900 
0.065900 
0.030500 
0.016200 
0.009300 
0.005500 
0.003300 
0.001900 
0.001000 
0.000300 
-0.000200 
-0.000700 
-0.001000 
-0.001400 
-0.001700 
-0.002000 
-0.002400 
-0.002800 
-0.003200 
-0.003700 
-0.004200 
-0.004800 
-0.005500 
-0.006300 
-0.007300 
-0.008500 
-0.009800 
-0.011500 
-0.013500 
-0.016000 
-0.019100 
-0.023100 
-0.028000 
-0.034500 
-0.042900 
-0.054200 
-0.069500 
-0.091000 
-0.122000 
-0.168200 
-0.240000 
-0.357900 
-0.565100 
-0.964600 
-1.842300 
-4.205700 
-13.414800 
-116.346600 
463.397400 
-409.539000 
64.905100 
10.907300 
3.834500 
1.799000 
0.990900 
0.605100 
0.397100 
0.274800 
0.198000 
0.147200 
0.112200 
0.087300 
0.068900 
0.055100 
0.044400 
0.036000 
0.029200 
0.023600 
0.018900 
0.014900 
0.011400 
0.008300 
0.005400 
0.002700 
0.000000 
-0.000000 
-0.000000 
-0.000000 
-0.000000 
-0.000000 
-0.000000 
-0.000000 
-0.000000 
-0.000000 
-0.000000 
-0.000000 
-0.000000 
-0.000000 
-0.000000 
-0.000000 
-0.000000 
-0.000000 
-0.000000 
-0.000100 
-0.000100 
-0.000100 
-0.000100 
-0.000100 
-0.000100 
-0.000100 
-0.000100 
-0.000100 
-0.000200 
-0.000200 
-0.000200 
-0.000200 
-0.000300 
-0.000300 
-0.000400 
-0.000500 
-0.000600 
-0.000700 
-0.000900 
-0.001200 
-0.001600 
-0.002200 
-0.003100 
-0.004500 
-0.006900 
-0.011500 
-0.020700 
-0.042200 
-0.105500 
-0.390900 
-6.725800 
19.054800 
-13.231400 
1.020000 
0.224400 
0.087600 
0.043600 
0.024900 
0.015400 
0.010000 
0.006600 
0.004400 
0.002800 
0.001600 
0.000700 
-0.000100 
-0.000800 
-0.001400 
-0.002000 
-0.002600 
-0.003200 
-0.003800 
-0.004500 
-0.005200 
-0.006000 
-0.006900 
-0.007900 
-0.009100 
-0.010400 
-0.012000 
-0.013800 
-0.016000 
-0.018700 
-0.021900 
-0.025800 
-0.030700 
-0.036800 
-0.044600 
-0.054700 
-0.068000 
-0.085900 
-0.110800 
-0.146100 
-0.198100 
-0.278000 
-0.407600 
-0.632600 
-1.061200 
-1.991800 
-4.467700 
-14.000500 
-119.287100 
466.715700 
-405.179300 
63.080200 
10.414000 
3.597000 
1.658300 
0.897700 
0.538900 
0.347800 
0.236800 
0.167900 
0.122900 
0.092300 
0.070700 
0.055100 
0.043500 
0.034600 
0.027700 
0.022300 
0.017900 
0.014200 
0.011100 
0.008500 
0.006100 
0.004000 
0.001900 
0.000000 
-0.000000 
-0.000000 
-0.000000 
-0.000000 
-0.000000 
-0.000000 
-0.000000 
-0.000000 
-0.000000 
-0.000000 
-0.000000 
-0.000000 
-0.000000 
-0.000000 
-0.000000 
0.000000 
0.000000 
0.000000 
0.000000 
0.000000 
0.000000 
0.000100 
0.000100 
0.000100 
0.000100 
0.000200 
0.000200 
0.000300 
0.000300 
0.000400 
0.000500 
0.000600 
0.000800 
0.001000 
0.001300 
0.001600 
0.002100 
0.002700 
0.003600 
0.004900 
0.006700 
0.009600 
0.014000 
0.021600 
0.035200 
0.062300 
0.124500 
0.303000 
1.092200 
18.244600 
-50.178600 
33.861600 
-2.543100 
-0.547400 
-0.210200 
-0.104000 
-0.059500 
-0.037500 
-0.025300 
-0.018000 
-0.013300 
-0.010200 
-0.008000 
-0.006400 
-0.005300 
-0.004400 
-0.003700 
-0.003100 
-0.002700 
-0.002300 
-0.002000 
-0.001700 
-0.001500 
-0.001200 
-0.001000 
-0.000800 
-0.000600 
-0.000300 
-0.000000 
0.000300 
0.000700 
0.001100 
0.001700 
0.002500 
0.003400 
0.004700 
0.006300 
0.008600 
0.011600 
0.015900 
0.022100 
0.031300 
0.045400 
0.067800 
0.105700 
0.173800 
0.308400 
0.611000 
1.444200 
4.761700 
42.622900 
-174.951500 
159.124200 
-25.919600 
-4.471200 
-1.611600 
-0.774300 
-0.436300 
-0.272200 
-0.182300 
-0.128600 
-0.094400 
-0.071400 
-0.055300 
-0.043600 
-0.034900 
-0.028300 
-0.023100 
-0.018900 
-0.015500 
-0.012600 
-0.010200 
-0.008100 
-0.006200 
-0.004500 
-0.003000 
-0.001500 
0.000000 
-0.000000 
-0.000000 
-0.000000 
-0.000000 
-0.000000 
-0.000000 
-0.000000 
-0.000000 
-0.000000 
-0.000000 
-0.000000 
-0.000000 
-0.000000 
-0.000000 
-0.000100 
-0.000100 
-0.000100 
-0.000100 
-0.000100 
-0.000100 
-0.000100 
-0.000200 
-0.000200 
-0.000200 
-0.000300 
-0.000300 
-0.000400 
-0.000400 
-0.000500 
-0.000600 
-0.000800 
-0.000900 
-0.001200 
-0.001400 
-0.001800 
-0.002300 
-0.002900 
-0.003700 
-0.004900 
-0.006600 
-0.009000 
-0.012700 
-0.018600 
-0.028300 
-0.045800 
-0.080500 
-0.159600 
-0.385300 
-1.376700 
-22.795000 
62.135400 
-41.558200 
3.094400 
0.660900 
0.252100 
0.124100 
0.070900 
0.044800 
0.030500 
0.022000 
0.016700 
0.013200 
0.010800 
0.009200 
0.008100 
0.007400 
0.006900 
0.006700 
0.006600 
0.006600 
0.006800 
0.007100 
0.007500 
0.008100 
0.008800 
0.009700 
0.010800 
0.012100 
0.013700 
0.015600 
0.017900 
0.020700 
0.024100 
0.028400 
0.033800 
0.040600 
0.049300 
0.060700 
0.075900 
0.096500 
0.125100 
0.166000 
0.226600 
0.320400 
0.473400 
0.740500 
1.252200 
2.369800 
5.360600 
16.943800 
145.629800 
-574.841300 
503.523800 
-79.099100 
-13.177200 
-4.592800 
-2.136600 
-1.167100 
-0.707000 
-0.460300 
-0.316100 
-0.226000 
-0.166900 
-0.126300 
-0.097600 
-0.076600 
-0.060900 
-0.048800 
-0.039300 
-0.031800 
-0.025600 
-0.020500 
-0.016100 
-0.012300 
-0.008900 
-0.005800 
-0.002800 
0.000000 
0.000000 
0.000000 
0.000000 
0.000000 
0.000000 
0.000000 
0.000100 
0.000100 
0.000100 
0.000100 
0.000100 
0.000100 
0.000100 
0.000100 
0.000100 
0.000200 
0.000200 
0.000200 
0.000200 
0.000300 
0.000300 
0.000300 
0.000400 
0.000400 
0.000500 
0.000500 
0.000600 
0.000700 
0.000800 
0.000900 
0.001000 
0.001200 
0.001400 
0.001700 
0.002100 
0.002500 
0.003100 
0.003900 
0.005000 
0.006400 
0.008600 
0.011800 
0.016800 
0.025200 
0.040000 
0.069000 
0.134900 
0.321600 
1.136700 
18.640100 
-50.357000 
33.382800 
-2.461800 
-0.519800 
-0.195400 
-0.094300 
-0.052500 
-0.032000 
-0.020700 
-0.014000 
-0.009700 
-0.006800 
-0.004700 
-0.003200 
-0.002100 
-0.001200 
-0.000400 
0.000200 
0.000800 
0.001300 
0.001800 
0.002300 
0.002800 
0.003300 
0.003900 
0.004500 
0.005200 
0.005900 
0.006800 
0.007800 
0.009000 
0.010400 
0.012100 
0.014100 
0.016500 
0.019600 
0.023400 
0.028300 
0.034600 
0.043100 
0.054600 
0.070800 
0.094200 
0.129700 
0.186500 
0.283400 
0.465200 
0.853300 
1.868500 
5.709800 
47.381000 
-180.320300 
152.070400 
-22.966600 
-3.672900 
-1.227100 
-0.546400 
-0.285300 
-0.164900 
-0.102300 
-0.066900 
-0.045500 
-0.031900 
-0.022900 
-0.016800 
-0.012500 
-0.009400 
-0.007200 
-0.005500 
-0.004200 
-0.003200 
-0.002500 
-0.001900 
-0.001400 
-0.001000 
-0.000600 
-0.000300 
