-0.000000 
-0.000000 
-0.000000 
-0.000000 
-0.000000 
-0.000000 
-0.000000 
-0.000000 
-0.000000 
-0.000000 
-0.000000 
-0.000000 
-0.000000 
-0.000000 
-0.000000 
-0.000000 
-0.000000 
-0.000000 
-0.000000 
-0.000100 
-0.000100 
-0.000100 
-0.000100 
-0.000100 
-0.000100 
-0.000100 
-0.000200 
-0.000200 
-0.000200 
-0.000300 
-0.000300 
-0.000400 
-0.000500 
-0.000600 
-0.000800 
-0.000900 
-0.001200 
-0.001500 
-0.002000 
-0.002600 
-0.003400 
-0.004700 
-0.006700 
-0.009800 
-0.015100 
-0.024600 
-0.043700 
-0.087700 
-0.214900 
-0.779800 
-13.127800 
36.398000 
-24.758400 
1.873000 
0.405600 
0.156400 
0.077400 
0.044100 
0.027600 
0.018300 
0.012600 
0.009000 
0.006400 
0.004600 
0.003200 
0.002100 
0.001200 
0.000500 
-0.000200 
-0.000900 
-0.001500 
-0.002100 
-0.002800 
-0.003500 
-0.004300 
-0.005100 
-0.006100 
-0.007200 
-0.008400 
-0.009900 
-0.011700 
-0.013800 
-0.016400 
-0.019600 
-0.023500 
-0.028300 
-0.034500 
-0.042500 
-0.052900 
-0.066700 
-0.085600 
-0.111900 
-0.149600 
-0.205700 
-0.292700 
-0.435000 
-0.684300 
-1.163200 
-2.212100 
-5.026800 
-15.957800 
-137.726500 
545.837300 
-480.022400 
75.710800 
12.665400 
4.434200 
2.073000 
1.138800 
0.694300 
0.455600 
0.315900 
0.228500 
0.171200 
0.132000 
0.104300 
0.084200 
0.069300 
0.058100 
0.049500 
0.042900 
0.037700 
0.033700 
0.030700 
0.028300 
0.026600 
0.025500 
0.024800 
-0.000000 
-0.000000 
-0.000000 
-0.000000 
-0.000000 
0.000000 
0.000000 
0.000000 
0.000000 
0.000000 
0.000000 
0.000000 
0.000000 
0.000000 
0.000000 
0.000000 
0.000000 
0.000000 
0.000000 
0.000000 
0.000000 
0.000100 
0.000100 
0.000100 
0.000100 
0.000200 
0.000200 
0.000200 
0.000300 
0.000400 
0.000500 
0.000600 
0.000700 
0.000900 
0.001200 
0.001500 
0.001900 
0.002500 
0.003200 
0.004300 
0.005800 
0.008100 
0.011500 
0.016900 
0.026000 
0.042300 
0.074800 
0.149000 
0.361500 
1.297600 
21.575500 
-59.047400 
39.650100 
-2.964200 
-0.635700 
-0.243600 
-0.120400 
-0.069200 
-0.043900 
-0.030000 
-0.021800 
-0.016600 
-0.013200 
-0.010800 
-0.009200 
-0.008100 
-0.007400 
-0.006800 
-0.006500 
-0.006400 
-0.006300 
-0.006400 
-0.006600 
-0.006900 
-0.007300 
-0.007800 
-0.008500 
-0.009300 
-0.010200 
-0.011400 
-0.012800 
-0.014400 
-0.016500 
-0.018900 
-0.022000 
-0.025800 
-0.030500 
-0.036600 
-0.044400 
-0.054700 
-0.068500 
-0.087600 
-0.114600 
-0.154300 
-0.214900 
-0.312800 
-0.482100 
-0.802900 
-1.496200 
-3.331500 
-10.362700 
-87.622900 
340.166700 
-292.963700 
45.237400 
7.405900 
2.536200 
1.159100 
0.622100 
0.370200 
0.236900 
0.160000 
0.112700 
0.082000 
0.061400 
0.047000 
0.036700 
0.029200 
0.023600 
0.019400 
0.016100 
0.013700 
0.011800 
0.010300 
0.009200 
0.008500 
0.007900 
0.007600 
-0.000000 
-0.000000 
-0.000000 
-0.000000 
-0.000000 
-0.000000 
-0.000000 
-0.000000 
-0.000000 
-0.000000 
-0.000000 
-0.000000 
-0.000000 
-0.000100 
-0.000100 
-0.000100 
-0.000100 
-0.000100 
-0.000100 
-0.000200 
-0.000200 
-0.000200 
-0.000200 
-0.000300 
-0.000300 
-0.000400 
-0.000400 
-0.000500 
-0.000600 
-0.000700 
-0.000800 
-0.001000 
-0.001200 
-0.001400 
-0.001700 
-0.002100 
-0.002600 
-0.003200 
-0.004100 
-0.005200 
-0.006900 
-0.009300 
-0.013000 
-0.018700 
-0.028200 
-0.045200 
-0.078700 
-0.154900 
-0.371700 
-1.321400 
-21.783800 
59.140700 
-39.398900 
2.920900 
0.620600 
0.235100 
0.114700 
0.064700 
0.040200 
0.026800 
0.018800 
0.013700 
0.010400 
0.008100 
0.006400 
0.005300 
0.004400 
0.003800 
0.003300 
0.003000 
0.002800 
0.002700 
0.002700 
0.002700 
0.002800 
0.003000 
0.003200 
0.003600 
0.004100 
0.004700 
0.005400 
0.006400 
0.007600 
0.009100 
0.011000 
0.013400 
0.016600 
0.020700 
0.026200 
0.033700 
0.043900 
0.058400 
0.079400 
0.110900 
0.160400 
0.242200 
0.386800 
0.667400 
1.287800 
2.968200 
9.553700 
83.572900 
-335.602400 
298.961200 
-47.752200 
-8.088100 
-2.866500 
-1.356400 
-0.754100 
-0.465300 
-0.309000 
-0.216700 
-0.158700 
-0.120300 
-0.093800 
-0.075000 
-0.061300 
-0.051100 
-0.043300 
-0.037300 
-0.032700 
-0.029100 
-0.026300 
-0.024100 
-0.022500 
-0.021300 
-0.020400 
-0.020000 
0.000000 
0.000000 
0.000000 
0.000000 
0.000000 
0.000000 
0.000000 
0.000000 
0.000000 
0.000000 
0.000000 
0.000000 
0.000100 
0.000100 
0.000100 
0.000100 
0.000100 
0.000100 
0.000100 
0.000200 
0.000200 
0.000200 
0.000200 
0.000300 
0.000300 
0.000400 
0.000400 
0.000500 
0.000600 
0.000600 
0.000700 
0.000900 
0.001000 
0.001200 
0.001400 
0.001700 
0.002100 
0.002500 
0.003200 
0.004000 
0.005200 
0.006800 
0.009300 
0.013100 
0.019400 
0.030600 
0.052300 
0.101400 
0.239700 
0.840300 
13.671300 
-36.644400 
24.098600 
-1.762100 
-0.368500 
-0.137000 
-0.065200 
-0.035600 
-0.021100 
-0.013200 
-0.008400 
-0.005400 
-0.003300 
-0.001800 
-0.000700 
0.000200 
0.001000 
0.001700 
0.002300 
0.003000 
0.003600 
0.004200 
0.004900 
0.005700 
0.006500 
0.007500 
0.008500 
0.009800 
0.011200 
0.012900 
0.014900 
0.017300 
0.020100 
0.023600 
0.027900 
0.033300 
0.040100 
0.048700 
0.060000 
0.075000 
0.095200 
0.123200 
0.163300 
0.222400 
0.313700 
0.462200 
0.720800 
1.215100 
2.291900 
5.165700 
16.267000 
139.273600 
-547.580600 
477.731700 
-74.750000 
-12.404700 
-4.307900 
-1.997500 
-1.088200 
-0.657900 
-0.428000 
-0.294100 
-0.210900 
-0.156500 
-0.119400 
-0.093400 
-0.074700 
-0.060800 
-0.050400 
-0.042500 
-0.036400 
-0.031700 
-0.028100 
-0.025300 
-0.023200 
-0.021700 
-0.020600 
-0.020000 
-0.000000 
0.000000 
0.000000 
0.000000 
0.000000 
0.000000 
0.000000 
0.000000 
0.000000 
0.000000 
0.000000 
0.000000 
0.000000 
0.000000 
0.000000 
0.000000 
0.000000 
0.000000 
0.000000 
0.000000 
0.000000 
0.000000 
0.000000 
0.000000 
0.000000 
0.000000 
-0.000000 
-0.000000 
-0.000000 
-0.000000 
-0.000000 
-0.000100 
-0.000100 
-0.000100 
-0.000100 
-0.000200 
-0.000200 
-0.000300 
-0.000400 
-0.000500 
-0.000600 
-0.000800 
-0.001100 
-0.001500 
-0.002100 
-0.003100 
-0.004700 
-0.007800 
-0.014700 
-0.036700 
-0.335200 
0.153100 
0.408700 
-0.067700 
-0.022000 
-0.011000 
-0.006400 
-0.004100 
-0.002700 
-0.001800 
-0.001200 
-0.000700 
-0.000300 
-0.000000 
0.000200 
0.000500 
0.000700 
0.000900 
0.001100 
0.001200 
0.001400 
0.001600 
0.001800 
0.002100 
0.002300 
0.002500 
0.002800 
0.003100 
0.003400 
0.003800 
0.004200 
0.004700 
0.005200 
0.005800 
0.006500 
0.007400 
0.008400 
0.009500 
0.011000 
0.012800 
0.015000 
0.017900 
0.021600 
0.026600 
0.033500 
0.043500 
0.058700 
0.083600 
0.128600 
0.224400 
0.499800 
2.502900 
-2.821000 
-3.706800 
1.554200 
0.421500 
0.204000 
0.121800 
0.081500 
0.058600 
0.044400 
0.034900 
0.028300 
0.023500 
0.020000 
0.017200 
0.015100 
0.013400 
0.012100 
0.011000 
0.010100 
0.009400 
0.008900 
0.008400 
0.008100 
0.007800 
0.007600 
0.007500 
-0.000000 
-0.000000 
-0.000000 
-0.000000 
-0.000000 
-0.000000 
-0.000000 
-0.000000 
-0.000000 
-0.000000 
-0.000000 
-0.000000 
-0.000000 
-0.000000 
-0.000000 
-0.000000 
-0.000000 
-0.000000 
-0.000000 
-0.000100 
-0.000100 
-0.000100 
-0.000100 
-0.000100 
-0.000100 
-0.000100 
-0.000200 
-0.000200 
-0.000200 
-0.000300 
-0.000300 
-0.000400 
-0.000500 
-0.000600 
-0.000800 
-0.000900 
-0.001200 
-0.001500 
-0.002000 
-0.002600 
-0.003400 
-0.004700 
-0.006700 
-0.009800 
-0.015100 
-0.024600 
-0.043700 
-0.087700 
-0.214900 
-0.779800 
-13.127800 
36.398000 
-24.758400 
1.873000 
0.405600 
0.156400 
0.077400 
0.044100 
0.027600 
0.018300 
0.012600 
0.009000 
0.006400 
0.004600 
0.003200 
0.002100 
0.001200 
0.000500 
-0.000200 
-0.000900 
-0.001500 
-0.002100 
-0.002800 
-0.003500 
-0.004300 
-0.005100 
-0.006100 
-0.007200 
-0.008400 
-0.009900 
-0.011700 
-0.013800 
-0.016400 
-0.019600 
-0.023500 
-0.028300 
-0.034500 
-0.042500 
-0.052900 
-0.066700 
-0.085600 
-0.111900 
-0.149600 
-0.205700 
-0.292700 
-0.435000 
-0.684300 
-1.163200 
-2.212100 
-5.026800 
-15.957800 
-137.726500 
545.837300 
-480.022400 
75.710800 
12.665400 
4.434200 
2.073000 
1.138800 
0.694300 
0.455600 
0.315900 
0.228500 
0.171200 
0.132000 
0.104300 
0.084200 
0.069300 
0.058100 
0.049500 
0.042900 
0.037700 
0.033700 
0.030700 
0.028300 
0.026600 
0.025500 
0.024800 
