0.000000 
0.000851 
0.000501 
0.000148 
0.001023 
0.000152 
0.000529 
0.000924 
0.000000 
0.000974 
0.000589 
0.000178 
0.001264 
0.000192 
0.000685 
0.001223 
0.000000 
0.001344 
0.000828 
0.000256 
0.001844 
0.000286 
0.001034 
0.001875 
0.000000 
0.002127 
0.001330 
0.000417 
0.003049 
0.000479 
0.001760 
0.003237 
0.000000 
0.003781 
0.002402 
0.000764 
0.005686 
0.000909 
0.003400 
0.006374 
0.000000 
0.007764 
0.005046 
0.001647 
0.012583 
0.002072 
0.008000 
0.015536 
0.000000 
0.020537 
0.014008 
0.004826 
0.039216 
0.006930 
0.029021 
0.061997 
0.000000 
0.105252 
0.085028 
0.036331 
0.392643 
0.103533 
0.805418 
5.568703 
25.464791 
5.707074 
0.845944 
0.111446 
0.433163 
0.041078 
0.098531 
0.125007 
0.000000 
0.077355 
0.037116 
0.009084 
0.052699 
0.006648 
0.019782 
0.029733 
0.000000 
0.023642 
0.012482 
0.003315 
0.020640 
0.002770 
0.008703 
0.013730 
0.000000 
0.011853 
0.006482 
0.001778 
0.011396 
0.001571 
0.005059 
0.008165 
0.000000 
0.007341 
0.004089 
0.001141 
0.007429 
0.001039 
0.003394 
0.005551 
0.000000 
0.005113 
0.002879 
0.000812 
0.005340 
0.000754 
0.002485 
0.004100 
0.000000 
0.003837 
0.002177 
0.000618 
0.004094 
0.000582 
0.001930 
0.003203 
0.000000 
0.003032 
0.001730 
0.000494 
0.003286 
0.000469 
0.001564 
0.002607 
0.000000 
0.002489 
0.001426 
0.000409 
0.002730 
0.000391 
0.001309 
0.002190 
0.000000 
0.002105 
0.001209 
0.000348 
0.002330 
0.000335 
0.001124 
0.001885 
0.000000 
0.001821 
0.001049 
0.000302 
0.002032 
0.000293 
0.000984 
0.001655 
0.000000 
0.001607 
0.000928 
0.000268 
0.001804 
0.000261 
0.000878 
0.001478 
0.000000 
0.001441 
0.000833 
0.000241 
0.001626 
0.000235 
0.000794 
0.001340 
0.000000 
0.001310 
0.000759 
0.000220 
0.001485 
0.000215 
0.000727 
0.001229 
0.000000 
0.001205 
0.000699 
0.000203 
0.001373 
0.000199 
0.000674 
0.001141 
0.000000 
0.001121 
0.000651 
0.000189 
0.001282 
0.000186 
0.000631 
0.001069 
0.000000 
0.001054 
0.000613 
0.000178 
0.001209 
0.000176 
0.000596 
0.001011 
0.000000 
0.000999 
0.000581 
0.000169 
0.001149 
0.000167 
0.000568 
0.000965 
0.000000 
0.000955 
0.000557 
0.000162 
0.001102 
0.000161 
0.000546 
0.000928 
0.000000 
0.000920 
0.000537 
0.000157 
0.001065 
0.000155 
0.000528 
0.000899 
0.000000 
0.000893 
0.000521 
0.000152 
0.001036 
0.000151 
0.000515 
0.000877 
0.000000 
0.000873 
0.000510 
0.000149 
0.001016 
0.000148 
0.000506 
0.000862 
0.000000 
0.000859 
0.000502 
0.000147 
0.001002 
0.000147 
0.000500 
0.000853 
0.000000 
0.000851 
0.000498 
0.000146 
0.000996 
0.000146 
0.000498 
0.000849 
0.000000 
